vott-csv-export/2021-04-01_09-24-07_785.jpg 1451,655,1872,1080,0,0.002806 1550,86,1920,618,0,0.001294 1547,386,1920,908,0,0.001155
vott-csv-export/Bird1.jpg 1624,561,1920,1080,0,0.013768 1517,753,1920,1080,0,0.001799 1703,72,1920,784,0,0.001313 0,1159,104,1080,0,0.001001
vott-csv-export/Bird2.jpg 1625,570,1920,1080,0,0.011476 1521,753,1920,1080,0,0.002500 1707,90,1920,766,0,0.001639
vott-csv-export/2021-04-01_09-24-32_387.jpg 753,1093,1100,1080,0,0.002440 1382,644,1796,1080,0,0.002052 1456,471,1870,970,0,0.001742 1549,0,1919,456,0,0.001179 891,981,1254,1080,0,0.001087 618,1102,944,1080,0,0.001081
vott-csv-export/Bird15.jpg 1449,636,1873,1080,0,0.002544 1540,0,1920,560,0,0.001478 683,1077,1023,1080,0,0.001432 1524,436,1920,1007,0,0.001209 1585,514,1920,773,0,0.001051
vott-csv-export/2021-04-01_09-23-50_496.jpg 1451,662,1872,1080,0,0.002485 1555,100,1920,604,0,0.001537 1535,458,1920,985,0,0.001230 1595,510,1920,777,0,0.001001
vott-csv-export/2021-05-03_09-18-09_100_66%2520%2525_.jpg 1714,1251,1920,1080,0,0.001522
vott-csv-export/2021-05-03_09-18-07_755_51_.jpg 1714,1251,1920,1080,0,0.001583
vott-csv-export/2021-04-01_09-39-30_069.jpg 1609,542,1920,1080,0,0.013465 978,1091,1320,1080,0,0.002947 1095,979,1487,1080,0,0.002032 1468,674,1859,1080,0,0.001445 1667,429,1920,862,0,0.001391 838,1103,1166,1080,0,0.001151
vott-csv-export/2021-05-02_08-08-30_030_36_.jpg 1710,1242,1920,1080,0,0.002413
vott-csv-export/2021-04-01_09-24-00_185.jpg 1451,650,1872,1080,0,0.002219 1528,449,1920,993,0,0.001549 1555,84,1919,620,0,0.001445 1594,510,1920,779,0,0.001248 461,1071,802,1080,0,0.001088
vott-csv-export/2021-05-03_09-18-09_410_65_.jpg 1714,1251,1920,1080,0,0.001587
